10 0.536943
11 0.627047
12 0.355899
13 0.598475
14 0.663141
15 0.590657
16 0.417419
17 0.592745
18 0.455592
19 0.633903
20 0.555567
21 0.566171
22 0.476103
23 0.50802
24 0.571247
25 0.524642
26 0.489275
27 0.515514
28 0.478686
29 0.644792
30 0.521506
31 0.478005
32 0.524123
33 0.500383
34 0.575382
35 0.530096
36 0.566685
37 0.563255
38 0.508262
39 0.460664
40 0.469861
41 0.484224
42 0.556587
43 0.531163
44 0.540477
45 0.556186
46 0.555651
47 0.525276
48 0.449274
49 0.518961
50 0.511844
51 0.506594
52 0.543576
53 0.457324
54 0.468292
55 0.473441
56 0.478941
57 0.558958
58 0.478337
59 0.453766
60 0.493627
61 0.480462
62 0.438319
63 0.551203
64 0.532593
65 0.468565
66 0.494021
67 0.520692
68 0.525878
69 0.465025
70 0.493752
71 0.491558
72 0.458526
73 0.458002
74 0.478268
75 0.48285
76 0.536483
77 0.535749
78 0.519496
79 0.528191
80 0.487192
81 0.458241
82 0.49107
83 0.475338
84 0.518038
85 0.481555
86 0.504293
87 0.503795
88 0.530099
89 0.519717
90 0.493596
91 0.472932
92 0.495883
93 0.475673
94 0.477363
95 0.492273
96 0.472488
97 0.572794
98 0.499609
99 0.510398
100 0.546187
101 0.493591
102 0.503677
103 0.491555
104 0.518452
105 0.548814
106 0.47024
107 0.462406
108 0.480807
109 0.511836
110 0.519362
111 0.503899
112 0.506404
113 0.507097
114 0.518948
115 0.459486
116 0.495502
117 0.542275
118 0.483515
119 0.486246
120 0.490082
121 0.485198
122 0.524083
123 0.456285
124 0.489617
125 0.504608
126 0.469727
127 0.480883
128 0.513735
129 0.511334
130 0.498422
131 0.52163
132 0.550746
133 0.487354
134 0.51538
135 0.54883
136 0.455654
137 0.494657
138 0.519049
139 0.510073
140 0.479497
141 0.53467
142 0.459829
143 0.493165
144 0.488096
145 0.517271
146 0.497472
147 0.5011
148 0.479367
149 0.493767
150 0.497301
151 0.563668
152 0.53669
153 0.505898
154 0.499102
155 0.503633
156 0.457251
157 0.507233
158 0.502857
159 0.489642
160 0.506718
161 0.456355
162 0.50392
163 0.47041
164 0.505054
165 0.501773
166 0.456509
167 0.480257
168 0.513204
169 0.525363
170 0.476289
171 0.521535
172 0.542691
173 0.513467
174 0.487061
175 0.449149
176 0.526925
177 0.512623
178 0.496335
179 0.496739
180 0.48754
181 0.469838
182 0.516654
183 0.477311
184 0.493223
185 0.523834
186 0.521739
187 0.530128
188 0.51028
189 0.468652
190 0.50401
191 0.528872
192 0.497926
193 0.488131
194 0.52193
195 0.554311
196 0.509308
197 0.463643
198 0.512234
199 0.499939
200 0.485942
201 0.476669
202 0.466856
203 0.532436
204 0.468051
205 0.519792
206 0.509285
207 0.520698
208 0.497937
209 0.498167
210 0.53884
211 0.524036
212 0.507881
213 0.507764
214 0.523669
215 0.491871
216 0.52569
217 0.519922
218 0.515958
219 0.509059
220 0.522099
221 0.502389
222 0.508298
223 0.532684
224 0.513418
225 0.485376
226 0.484697
227 0.510491
228 0.48403
229 0.503914
230 0.497714
231 0.51385
232 0.49891
233 0.509888
234 0.504959
235 0.502341
236 0.518194
237 0.494929
238 0.486479
239 0.501359
240 0.477458
241 0.529104
242 0.475033
243 0.519269
244 0.4969
245 0.495511
246 0.503824
247 0.516414
248 0.477642
249 0.499523
250 0.488757
251 0.505014
252 0.492978
253 0.514714
254 0.511519
255 0.522962
256 0.5047
257 0.5022
258 0.478216
259 0.539617
260 0.510928
261 0.486257
262 0.499627
263 0.511205
264 0.541583
265 0.498813
266 0.533912
267 0.478767
268 0.497099
269 0.537885
270 0.502955
271 0.495342
272 0.510263
273 0.48956
274 0.494829
275 0.496436
276 0.469939
277 0.484069
278 0.490342
279 0.504125
280 0.48257
281 0.480755
282 0.503876
283 0.486656
284 0.46405
285 0.495132
286 0.512687
287 0.468533
288 0.504296
289 0.548589
290 0.508677
291 0.489571
292 0.500986
293 0.493051
294 0.551102
295 0.497695
296 0.513716
297 0.506592
298 0.504046
299 0.528812
300 0.497651
301 0.471455
302 0.495763
303 0.507997
304 0.490896
305 0.499148
306 0.525059
307 0.525066
308 0.518919
309 0.498265
310 0.497206
311 0.515211
312 0.519939
313 0.512326
314 0.496442
315 0.491719
316 0.527879
317 0.504723
318 0.480578
319 0.486159
320 0.50359
321 0.517781
322 0.501374
323 0.515126
324 0.522228
325 0.495003
326 0.516509
327 0.516863
328 0.494331
329 0.48884
330 0.514391
331 0.501944
332 0.533102
333 0.514368
334 0.504506
335 0.491922
336 0.466988
337 0.49736
338 0.489726
339 0.53771
340 0.505326
341 0.498076
342 0.492711
343 0.488049
344 0.506812
345 0.510437
346 0.488146
347 0.510505
348 0.482604
349 0.536246
350 0.521484
351 0.495669
352 0.488225
353 0.490239
354 0.500753
355 0.518842
356 0.470346
357 0.48139
358 0.51012
359 0.487339
360 0.508921
361 0.470468
362 0.497976
363 0.477538
364 0.5113
365 0.495717
366 0.508685
367 0.477931
368 0.49355
369 0.507659
370 0.521707
371 0.51469
372 0.513841
373 0.501968
374 0.517609
375 0.508833
376 0.494293
377 0.51296
378 0.497366
379 0.497
380 0.502956
381 0.494593
382 0.470491
383 0.502303
384 0.507875
385 0.475653
386 0.465256
387 0.499858
388 0.505435
389 0.487448
390 0.503506
391 0.508754
392 0.502505
393 0.501243
394 0.512287
395 0.508763
396 0.501705
397 0.482101
398 0.491739
399 0.515175
400 0.509707
401 0.505775
402 0.513629
403 0.479093
404 0.516108
405 0.508536
406 0.491206
407 0.509297
408 0.504352
409 0.472002
410 0.506007
411 0.506196
412 0.515549
413 0.498697
414 0.493593
415 0.502634
416 0.495063
417 0.477564
418 0.496118
419 0.497018
420 0.484293
421 0.499998
422 0.495473
423 0.527613
424 0.49235
425 0.4926
426 0.48564
427 0.490997
428 0.487764
429 0.480702
430 0.497435
431 0.498731
432 0.504014
433 0.510385
434 0.51031
435 0.493975
436 0.505964
437 0.505209
438 0.492908
439 0.495272
440 0.496956
441 0.50413
442 0.488257
443 0.476165
444 0.49296
445 0.509339
446 0.502319
447 0.515913
448 0.494229
449 0.505851
450 0.486313
451 0.494134
452 0.501142
453 0.491378
454 0.519801
455 0.493611
456 0.502867
457 0.508155
458 0.53498
459 0.518868
460 0.49004
461 0.504645
462 0.489655
463 0.504982
464 0.507922
465 0.509459
466 0.518891
467 0.489392
468 0.491582
469 0.494717
470 0.507434
471 0.4995
472 0.496759
473 0.491442
474 0.486771
475 0.506663
476 0.496847
477 0.52607
478 0.518985
479 0.500557
480 0.499157
481 0.478213
482 0.490265
483 0.487131
484 0.511357
485 0.505934
486 0.491498
487 0.493346
488 0.481045
489 0.516813
490 0.499926
491 0.502825
492 0.509169
493 0.493231
494 0.493402
495 0.473658
496 0.527249
497 0.49354
498 0.498598
499 0.526758
500 0.508641
501 0.495444
502 0.516504
503 0.52063
504 0.479057
505 0.47591
506 0.493932
507 0.505584
508 0.517749
509 0.51338
510 0.516205
511 0.491839
512 0.511537
513 0.464565
514 0.502132
515 0.456249
516 0.521563
517 0.501597
518 0.476839
519 0.476171
520 0.495039
521 0.48832
522 0.508404
523 0.505847
524 0.49735
525 0.486107
526 0.501825
527 0.495304
528 0.500468
529 0.507187
530 0.507057
531 0.50807
532 0.517827
533 0.492869
534 0.497634
535 0.493459
536 0.492504
537 0.508633
538 0.487021
539 0.504963
540 0.479264
541 0.510196
542 0.471922
543 0.506721
544 0.520019
545 0.516894
546 0.509876
547 0.536317
548 0.494161
549 0.523758
550 0.501864
551 0.4803
552 0.501353
553 0.488186
554 0.49783
555 0.518606
556 0.496173
557 0.509382
558 0.49767
559 0.499095
560 0.499876
561 0.504554
562 0.511905
563 0.481661
564 0.495037
565 0.513713
566 0.495774
567 0.482661
568 0.506182
569 0.497208
570 0.535739
571 0.487174
572 0.504811
573 0.508959
574 0.503597
575 0.483954
576 0.487997
577 0.495049
578 0.503674
579 0.489773
580 0.500679
581 0.498089
582 0.499639
583 0.501438
584 0.503641
585 0.512379
586 0.510949
587 0.50069
588 0.49812
589 0.481892
590 0.486408
591 0.488787
592 0.485743
593 0.521556
594 0.497314
595 0.49297
596 0.489167
597 0.51375
598 0.503045
599 0.497216
600 0.49061
601 0.486256
602 0.496708
603 0.515239
604 0.490307
605 0.49705
606 0.487922
607 0.505065
608 0.494924
609 0.499235
610 0.50957
611 0.492634
612 0.508404
613 0.487936
614 0.500417
615 0.506468
616 0.515911
617 0.491792
618 0.495221
619 0.518889
620 0.496149
621 0.491842
622 0.478923
623 0.503703
624 0.504716
625 0.494328
626 0.496314
627 0.495366
628 0.475925
629 0.50973
630 0.505296
631 0.50077
632 0.497886
633 0.475266
634 0.497655
635 0.494579
636 0.499268
637 0.496726
638 0.478379
639 0.496672
640 0.491468
641 0.502073
642 0.525814
643 0.5022
644 0.483726
645 0.499892
646 0.516033
647 0.500295
648 0.51193
649 0.5111
650 0.499931
651 0.499066
652 0.51558
653 0.503574
654 0.506825
655 0.505649
656 0.490203
657 0.497578
658 0.496638
659 0.481192
660 0.498116
661 0.502019
662 0.510624
663 0.485355
664 0.485207
665 0.517619
666 0.501206
667 0.496633
668 0.502404
669 0.496422
670 0.501647
671 0.493391
672 0.499636
673 0.501714
674 0.492182
675 0.497983
676 0.50607
677 0.49666
678 0.489496
679 0.513375
680 0.496275
681 0.500414
682 0.479099
683 0.476784
684 0.477698
685 0.496902
686 0.500805
687 0.501229
688 0.500741
689 0.507208
690 0.507588
691 0.495356
692 0.503981
693 0.492278
694 0.509471
695 0.494534
696 0.475874
697 0.502499
698 0.494431
699 0.497129
700 0.500095
701 0.502155
702 0.525053
703 0.494658
704 0.489847
705 0.495649
706 0.508444
707 0.486055
708 0.49641
709 0.496692
710 0.493426
711 0.504025
712 0.493027
713 0.479822
714 0.498925
715 0.523283
716 0.496568
717 0.498009
718 0.492629
719 0.511883
720 0.498956
721 0.50078
722 0.492736
723 0.508373
724 0.521253
725 0.506101
726 0.505902
727 0.484994
728 0.503393
729 0.500449
730 0.488785
731 0.5087
732 0.515726
733 0.503169
734 0.495244
735 0.496367
736 0.492524
737 0.507492
738 0.500039
739 0.48737
740 0.510823
741 0.488775
742 0.494386
743 0.483811
744 0.505108
745 0.500635
746 0.516504
747 0.500374
748 0.514094
749 0.494269
750 0.498733
751 0.491662
752 0.484835
753 0.492528
754 0.488227
755 0.508458
756 0.506561
757 0.517453
758 0.505328
759 0.497202
760 0.499935
761 0.510545
762 0.500394
763 0.480913
764 0.484689
765 0.505016
766 0.496379
767 0.511982
768 0.494284
769 0.501718
770 0.513882
771 0.510848
772 0.501182
773 0.501073
774 0.480587
775 0.511237
776 0.497871
777 0.500762
778 0.493373
779 0.488104
780 0.517229
781 0.491655
782 0.498905
783 0.481008
784 0.496872
785 0.485907
786 0.501331
787 0.482206
788 0.515802
789 0.509356
790 0.497613
791 0.503971
792 0.51616
793 0.502084
794 0.497315
795 0.49991
796 0.491758
797 0.498199
798 0.484313
799 0.484688
800 0.505287
801 0.488652
802 0.49073
803 0.493034
804 0.514848
805 0.514575
806 0.502102
807 0.510966
808 0.507866
809 0.503446
810 0.494477
811 0.504477
812 0.506787
813 0.493402
814 0.501074
815 0.50099
816 0.505099
817 0.507074
818 0.48537
819 0.492593
820 0.500472
821 0.516745
822 0.498886
823 0.492417
824 0.494165
825 0.485365
826 0.498284
827 0.514854
828 0.510198
829 0.507685
830 0.509968
831 0.488207
832 0.492067
833 0.51161
834 0.491636
835 0.512722
836 0.489635
837 0.497951
838 0.490647
839 0.506291
840 0.507704
841 0.494743
842 0.494973
843 0.494252
844 0.493468
845 0.496522
846 0.49329
847 0.496305
848 0.500507
849 0.505937
850 0.501502
851 0.509061
852 0.489101
853 0.516628
854 0.48909
855 0.487754
856 0.497918
857 0.500092
858 0.504849
859 0.505033
860 0.485139
861 0.497782
862 0.495048
863 0.497054
864 0.517403
865 0.498158
866 0.503523
867 0.511671
868 0.499675
869 0.51295
870 0.481206
871 0.498399
872 0.508243
873 0.497502
874 0.489195
875 0.503051
876 0.501624
877 0.486817
878 0.491618
879 0.493237
880 0.500187
881 0.50238
882 0.502855
883 0.515778
884 0.493979
885 0.501424
886 0.506417
887 0.50878
888 0.514347
889 0.512926
890 0.493077
891 0.499847
892 0.50218
893 0.487858
894 0.507827
895 0.480953
896 0.486389
897 0.520039
898 0.490109
899 0.496549
900 0.507701
901 0.509895
902 0.492686
903 0.478738
904 0.505212
905 0.497039
906 0.489348
907 0.493772
908 0.485218
909 0.483345
910 0.494421
911 0.511378
912 0.492169
913 0.49254
914 0.495553
915 0.518483
916 0.489838
917 0.507484
918 0.491044
919 0.514191
920 0.50683
921 0.503594
922 0.503533
923 0.501455
924 0.501007
925 0.495918
926 0.496858
927 0.490481
928 0.521554
929 0.499898
930 0.497924
931 0.493016
932 0.490266
933 0.498573
934 0.490921
935 0.490176
936 0.501976
937 0.509043
938 0.508461
939 0.491272
940 0.489672
941 0.507923
942 0.500094
943 0.509206
944 0.500602
945 0.498992
946 0.50952
947 0.503495
948 0.49285
949 0.501912
950 0.483621
951 0.502717
952 0.480985
953 0.50218
954 0.496149
955 0.501512
956 0.500532
957 0.485158
958 0.479951
959 0.505543
960 0.49314
961 0.493791
962 0.504146
963 0.503744
964 0.517273
965 0.48619
966 0.499821
967 0.497104
968 0.512265
969 0.506066
970 0.498264
971 0.477032
972 0.498821
973 0.49384
974 0.500768
975 0.502464
976 0.501836
977 0.512811
978 0.498352
979 0.50485
980 0.502705
981 0.508677
982 0.51203
983 0.505227
984 0.50513
985 0.512546
986 0.503149
987 0.484522
988 0.520142
989 0.485693
990 0.496485
991 0.504928
992 0.499207
993 0.502132
994 0.512151
995 0.504708
996 0.493871
997 0.500466
998 0.493737
999 0.500742
1000 0.504398
1001 0.509956
1002 0.480616
1003 0.490411
1004 0.502374
1005 0.494613
1006 0.509031
1007 0.487152
1008 0.499339
1009 0.507109
1010 0.49881
1011 0.495489
1012 0.49423
1013 0.504479
1014 0.496622
1015 0.504393
1016 0.500464
1017 0.505266
1018 0.501646
1019 0.506116
1020 0.504008
1021 0.49653
1022 0.495292
1023 0.498378
1024 0.518373
1025 0.507283
1026 0.504417
1027 0.482084
1028 0.495329
1029 0.499593
1030 0.501156
1031 0.493289
1032 0.503158
1033 0.498669
1034 0.501709
1035 0.503394
1036 0.513228
1037 0.503064
1038 0.502625
1039 0.494183
1040 0.499222
1041 0.504769
1042 0.512358
1043 0.500776
1044 0.491959
1045 0.492624
1046 0.491227
1047 0.502844
1048 0.517241
1049 0.490037
1050 0.497162
1051 0.494425
1052 0.502569
1053 0.508943
1054 0.494405
1055 0.478885
1056 0.516817
1057 0.49864
1058 0.497554
1059 0.511566
1060 0.495
1061 0.50018
1062 0.489081
1063 0.499378
1064 0.509762
1065 0.498898
1066 0.505413
1067 0.510015
1068 0.493645
1069 0.493727
1070 0.504316
1071 0.512856
1072 0.478004
1073 0.510085
1074 0.502862
1075 0.495466
1076 0.51337
1077 0.504288
1078 0.507365
1079 0.48926
1080 0.495152
1081 0.505837
1082 0.494356
1083 0.50588
1084 0.508197
1085 0.494349
1086 0.510888
1087 0.504846
1088 0.501459
1089 0.496048
1090 0.497726
1091 0.492826
1092 0.50552
1093 0.497912
1094 0.4944
1095 0.48789
1096 0.502442
1097 0.502961
1098 0.490144
1099 0.487305
1100 0.497061
1101 0.493295
1102 0.503545
1103 0.502894
1104 0.500018
1105 0.503882
1106 0.495945
1107 0.499207
1108 0.499388
1109 0.495874
1110 0.492316
1111 0.499461
1112 0.512048
1113 0.504965
1114 0.505114
1115 0.4957
1116 0.507322
1117 0.511578
1118 0.50362
1119 0.500923
1120 0.506893
1121 0.497839
1122 0.506489
1123 0.495725
1124 0.49481
1125 0.500409
1126 0.523251
1127 0.502879
1128 0.491019
1129 0.491938
1130 0.488648
1131 0.482259
1132 0.496949
1133 0.504949
1134 0.484835
1135 0.494322
1136 0.498056
1137 0.51245
1138 0.495505
1139 0.490883
1140 0.507488
1141 0.509037
1142 0.497377
1143 0.499236
1144 0.513621
1145 0.503697
1146 0.505548
1147 0.507792
1148 0.50815
1149 0.504632
1150 0.490846
1151 0.495245
1152 0.500279
1153 0.495636
1154 0.503122
1155 0.487058
1156 0.49251
1157 0.492415
1158 0.502489
1159 0.500139
1160 0.503818
1161 0.514423
1162 0.505505
1163 0.491824
1164 0.511115
1165 0.49325
1166 0.496114
1167 0.492679
1168 0.495065
1169 0.508608
1170 0.483157
1171 0.502688
1172 0.502829
1173 0.483966
1174 0.508556
1175 0.511013
1176 0.500502
1177 0.498501
1178 0.510358
1179 0.494459
1180 0.48761
1181 0.484735
1182 0.505658
1183 0.518879
1184 0.505224
1185 0.498573
1186 0.48547
1187 0.497461
1188 0.492321
1189 0.499954
1190 0.510415
1191 0.498979
1192 0.50705
1193 0.501119
1194 0.498179
1195 0.501918
1196 0.519566
1197 0.50427
1198 0.501571
1199 0.491967
1200 0.500339
1201 0.505953
1202 0.510947
1203 0.493009
1204 0.518275
1205 0.499942
1206 0.513164
1207 0.50744
1208 0.499361
1209 0.510533
1210 0.504816
1211 0.50409
1212 0.504291
1213 0.503025
1214 0.492613
1215 0.512127
1216 0.501318
1217 0.503562
1218 0.497781
1219 0.490488
1220 0.494338
1221 0.481416
1222 0.484327
1223 0.490199
1224 0.513333
1225 0.508513
1226 0.498081
1227 0.505683
1228 0.501916
1229 0.499269
1230 0.500583
1231 0.496172
1232 0.503086
1233 0.504594
1234 0.509787
1235 0.49497
1236 0.502308
1237 0.503188
1238 0.49552
1239 0.495811
1240 0.501373
1241 0.508014
1242 0.499983
1243 0.489069
1244 0.4941
1245 0.505359
1246 0.50119
1247 0.506683
1248 0.509809
1249 0.511782
1250 0.483065
1251 0.499595
1252 0.505718
1253 0.487536
1254 0.503977
1255 0.495199
1256 0.512773
1257 0.506051
1258 0.494546
1259 0.491939
1260 0.504793
1261 0.494414
1262 0.506513
1263 0.502644
1264 0.497807
1265 0.510746
1266 0.504502
1267 0.500923
1268 0.4889
1269 0.510916
1270 0.521475
1271 0.503172
1272 0.499613
1273 0.502148
1274 0.494059
1275 0.500292
1276 0.497942
1277 0.505741
1278 0.492586
1279 0.488028
1280 0.492982
1281 0.501297
1282 0.503901
1283 0.495975
1284 0.501545
1285 0.48929
1286 0.512463
1287 0.501286
1288 0.496626
1289 0.498385
1290 0.498086
1291 0.492684
1292 0.492573
1293 0.500343
1294 0.502379
1295 0.507269
1296 0.496666
1297 0.500221
1298 0.509712
1299 0.501834
1300 0.506114
1301 0.505446
1302 0.508632
1303 0.502238
1304 0.500989
1305 0.499411
1306 0.51137
1307 0.48123
1308 0.49204
1309 0.491387
1310 0.508412
1311 0.499947
1312 0.503791
1313 0.495863
1314 0.506321
1315 0.498514
1316 0.497026
1317 0.502714
1318 0.487505
1319 0.501151
1320 0.493439
1321 0.490528
1322 0.500681
1323 0.483859
1324 0.504515
1325 0.493102
1326 0.494197
1327 0.496824
1328 0.497903
1329 0.506835
1330 0.494875
1331 0.49317
1332 0.503151
1333 0.484633
1334 0.492164
1335 0.503767
1336 0.488568
1337 0.495861
1338 0.491536
1339 0.506788
1340 0.500805
1341 0.512142
1342 0.505286
1343 0.495075
1344 0.508297
1345 0.494518
1346 0.517822
1347 0.50177
1348 0.509993
1349 0.494324
1350 0.506147
1351 0.498617
1352 0.513491
1353 0.508244
1354 0.496324
1355 0.498703
1356 0.48358
1357 0.498277
1358 0.484613
1359 0.50349
1360 0.505021
1361 0.493341
1362 0.484212
1363 0.507854
1364 0.505402
1365 0.497134
1366 0.510658
1367 0.498429
1368 0.51053
1369 0.490492
1370 0.515331
1371 0.489054
1372 0.507286
1373 0.496648
1374 0.511647
1375 0.503788
1376 0.501793
1377 0.520665
1378 0.50646
1379 0.504642
1380 0.505429
1381 0.488688
1382 0.507395
1383 0.500578
1384 0.487247
1385 0.507276
1386 0.498752
1387 0.504072
1388 0.494944
1389 0.504388
1390 0.510615
1391 0.495839
1392 0.502391
1393 0.503617
1394 0.499401
1395 0.491975
1396 0.490297
1397 0.506033
1398 0.504058
1399 0.498863
1400 0.505492
1401 0.495343
1402 0.502456
1403 0.505654
1404 0.494135
1405 0.487236
1406 0.51779
1407 0.496447
1408 0.501127
1409 0.498381
1410 0.491064
1411 0.498252
1412 0.494867
1413 0.49435
1414 0.490219
1415 0.495885
1416 0.498148
1417 0.502387
1418 0.498922
1419 0.500686
1420 0.499459
1421 0.494941
1422 0.499631
1423 0.498862
1424 0.501551
1425 0.495394
1426 0.508582
1427 0.499979
1428 0.495536
1429 0.503839
1430 0.488253
1431 0.491541
1432 0.520673
1433 0.512144
1434 0.501401
1435 0.509259
1436 0.504148
1437 0.499658
1438 0.484887
1439 0.498222
1440 0.507505
1441 0.507472
1442 0.489044
1443 0.515078
1444 0.487502
1445 0.494272
1446 0.499218
1447 0.495092
1448 0.501816
1449 0.492252
1450 0.48813
1451 0.49846
1452 0.500049
1453 0.497591
1454 0.518094
1455 0.488533
1456 0.493495
1457 0.503897
1458 0.50142
1459 0.502255
1460 0.506229
1461 0.506948
1462 0.500855
1463 0.506354
1464 0.49433
1465 0.498375
1466 0.491806
1467 0.484099
1468 0.500097
1469 0.510067
1470 0.494338
1471 0.497894
1472 0.489752
1473 0.507634
1474 0.504927
1475 0.498099
1476 0.499855
1477 0.488974
1478 0.505935
1479 0.504198
1480 0.500592
1481 0.496061
1482 0.501079
1483 0.495028
1484 0.495982
1485 0.494283
1486 0.500666
1487 0.500409
1488 0.496494
1489 0.502292
1490 0.516239
1491 0.505921
1492 0.51474
1493 0.503936
1494 0.495034
1495 0.502016
1496 0.481909
1497 0.499332
1498 0.504548
1499 0.5144
1500 0.481198
1501 0.505625
1502 0.516495
1503 0.49673
1504 0.488086
1505 0.508453
1506 0.501104
1507 0.49718
1508 0.497212
1509 0.501056
1510 0.49399
1511 0.500384
1512 0.501477
1513 0.498876
1514 0.49628
1515 0.501877
1516 0.504951
1517 0.499654
1518 0.497254
1519 0.492084
1520 0.506433
1521 0.492136
1522 0.497506
1523 0.488333
1524 0.50804
1525 0.510696
1526 0.506883
1527 0.495743
1528 0.491858
1529 0.494158
1530 0.498655
1531 0.489557
1532 0.509895
1533 0.500725
1534 0.508219
1535 0.505629
1536 0.511536
1537 0.504761
1538 0.493805
1539 0.503721
1540 0.504071
1541 0.505813
1542 0.503799
1543 0.502163
1544 0.511682
1545 0.511247
1546 0.503565
1547 0.505828
1548 0.495829
1549 0.498671
1550 0.504891
1551 0.481885
1552 0.502906
1553 0.505353
1554 0.502967
1555 0.49252
1556 0.495809
1557 0.491597
1558 0.499829
1559 0.491574
1560 0.503824
1561 0.499108
1562 0.495346
1563 0.505801
1564 0.507099
1565 0.502013
1566 0.504219
1567 0.496676
1568 0.484294
1569 0.508499
1570 0.511226
1571 0.508564
1572 0.501335
1573 0.503203
1574 0.502193
1575 0.492567
1576 0.514413
1577 0.509944
1578 0.500818
1579 0.491557
1580 0.510003
1581 0.494932
1582 0.497669
1583 0.491321
1584 0.483609
1585 0.496831
1586 0.50236
1587 0.499331
1588 0.511852
1589 0.504155
1590 0.494517
1591 0.504725
1592 0.505389
1593 0.500819
1594 0.523406
1595 0.519185
1596 0.503146
1597 0.518327
1598 0.489646
1599 0.505603
1600 0.488492
1601 0.498042
1602 0.499874
1603 0.497453
1604 0.494802
1605 0.497707
1606 0.503619
1607 0.495245
1608 0.500413
1609 0.496397
1610 0.502285
1611 0.485036
1612 0.499001
1613 0.519127
1614 0.515054
1615 0.501816
1616 0.496506
1617 0.494056
1618 0.496043
1619 0.510572
1620 0.500525
1621 0.497736
1622 0.495266
1623 0.501717
1624 0.504151
1625 0.492837
1626 0.51135
1627 0.504204
1628 0.512712
1629 0.488422
1630 0.49937
1631 0.488589
1632 0.492509
1633 0.506394
1634 0.499566
1635 0.505124
1636 0.499201
1637 0.503158
1638 0.505585
1639 0.497668
1640 0.501297
1641 0.49955
1642 0.506227
1643 0.490237
1644 0.49862
1645 0.490612
1646 0.511464
1647 0.497226
1648 0.494702
1649 0.506762
1650 0.491961
1651 0.497671
1652 0.496028
1653 0.50228
1654 0.491572
1655 0.488845
1656 0.499735
1657 0.508524
1658 0.499681
1659 0.49036
1660 0.489263
1661 0.504845
1662 0.500594
1663 0.502274
1664 0.503667
1665 0.491971
1666 0.502933
1667 0.510797
1668 0.499497
1669 0.50746
1670 0.500983
1671 0.505836
1672 0.504225
1673 0.507257
1674 0.505943
1675 0.505344
1676 0.490731
1677 0.490784
1678 0.504956
1679 0.512829
1680 0.494806
1681 0.493882
1682 0.500681
1683 0.508338
1684 0.503935
1685 0.50172
1686 0.49029
1687 0.479141
1688 0.501669
1689 0.496869
1690 0.487607
1691 0.504704
1692 0.50807
1693 0.505013
1694 0.512519
1695 0.489325
1696 0.510828
1697 0.485085
1698 0.513985
1699 0.504396
1700 0.493619
1701 0.510677
1702 0.502542
1703 0.497688
1704 0.509993
1705 0.493371
1706 0.51243
1707 0.50315
1708 0.491395
1709 0.491386
1710 0.513299
1711 0.500542
1712 0.499083
1713 0.50294
1714 0.502402
1715 0.503536
1716 0.493299
1717 0.5126
1718 0.502875
1719 0.506071
1720 0.497563
1721 0.507343
1722 0.4943
1723 0.505085
1724 0.498453
1725 0.501046
1726 0.500638
1727 0.511135
1728 0.492392
1729 0.503568
1730 0.512868
1731 0.497477
1732 0.499265
1733 0.490797
1734 0.505173
1735 0.497517
1736 0.49772
1737 0.492516
1738 0.502619
1739 0.499893
1740 0.503973
1741 0.502236
1742 0.502263
1743 0.495276
1744 0.500706
1745 0.493794
1746 0.50408
1747 0.497439
1748 0.504616
1749 0.494548
1750 0.499184
1751 0.504373
1752 0.49786
1753 0.509372
1754 0.492576
1755 0.495667
1756 0.495052
1757 0.501606
1758 0.495886
1759 0.512819
1760 0.506951
1761 0.50769
1762 0.503945
1763 0.487018
1764 0.506695
1765 0.502408
1766 0.501096
1767 0.497431
1768 0.494044
1769 0.507323
1770 0.508272
1771 0.50989
1772 0.496492
1773 0.50045
1774 0.494527
1775 0.503594
1776 0.494079
1777 0.490951
1778 0.488013
1779 0.505781
1780 0.498956
1781 0.501726
1782 0.500922
1783 0.498188
1784 0.4883
1785 0.500706
1786 0.501446
1787 0.492901
1788 0.509757
1789 0.495782
1790 0.49934
1791 0.494195
1792 0.498563
1793 0.512737
1794 0.495718
1795 0.502746
1796 0.503372
1797 0.508843
1798 0.503371
1799 0.492237
1800 0.508278
1801 0.488289
1802 0.495051
1803 0.503909
1804 0.502284
1805 0.496856
1806 0.498673
1807 0.504338
1808 0.501762
1809 0.498036
1810 0.494622
1811 0.507413
1812 0.494589
1813 0.50328
1814 0.508096
1815 0.518583
1816 0.512992
1817 0.50032
1818 0.498371
1819 0.498401
1820 0.50288
1821 0.489755
1822 0.494643
1823 0.499294
1824 0.50464
1825 0.508913
1826 0.493833
1827 0.500072
1828 0.497668
1829 0.508058
1830 0.503026
1831 0.49485
1832 0.501642
1833 0.493622
1834 0.506174
1835 0.502676
1836 0.490573
1837 0.502903
1838 0.505448
1839 0.491086
1840 0.504561
1841 0.498862
1842 0.504408
1843 0.491249
1844 0.494173
1845 0.496218
1846 0.491614
1847 0.490138
1848 0.503152
1849 0.503639
1850 0.497927
1851 0.505433
1852 0.501464
1853 0.504577
1854 0.497996
1855 0.497516
1856 0.500755
1857 0.499905
1858 0.489412
1859 0.49485
1860 0.503013
1861 0.49667
1862 0.492905
1863 0.500712
1864 0.504532
1865 0.511422
1866 0.499741
1867 0.503298
1868 0.50521
1869 0.496169
1870 0.497247
1871 0.500088
1872 0.510737
1873 0.500029
1874 0.499568
1875 0.494672
1876 0.506274
1877 0.493769
1878 0.496876
1879 0.500061
1880 0.504203
1881 0.492325
1882 0.507135
1883 0.49623
1884 0.513944
1885 0.500964
1886 0.500707
1887 0.494162
1888 0.497429
1889 0.489913
1890 0.506254
1891 0.489311
1892 0.517319
1893 0.501047
1894 0.498592
1895 0.498568
1896 0.499842
1897 0.499137
1898 0.498109
1899 0.500015
1900 0.496733
1901 0.500345
1902 0.5008
1903 0.493494
1904 0.509514
1905 0.496273
1906 0.495788
1907 0.495974
1908 0.503923
1909 0.492922
1910 0.502904
1911 0.502316
1912 0.507688
1913 0.510501
1914 0.502516
1915 0.508
1916 0.503438
1917 0.495263
1918 0.493104
1919 0.505876
1920 0.500193
1921 0.500059
1922 0.485659
1923 0.506813
1924 0.504456
1925 0.50295
1926 0.501904
1927 0.488997
1928 0.499473
1929 0.503072
1930 0.498552
1931 0.502371
1932 0.50654
1933 0.506722
1934 0.493467
1935 0.496045
1936 0.490668
1937 0.50274
1938 0.499685
1939 0.500515
1940 0.49913
1941 0.498239
1942 0.503965
1943 0.497735
1944 0.507579
1945 0.497982
1946 0.504994
1947 0.499808
1948 0.495626
1949 0.488487
1950 0.498399
1951 0.503657
1952 0.49455
1953 0.520216
1954 0.495279
1955 0.492213
1956 0.499733
1957 0.499189
1958 0.504667
1959 0.510303
1960 0.500049
1961 0.502554
1962 0.502775
1963 0.50524
1964 0.497504
1965 0.49242
1966 0.492652
1967 0.492174
1968 0.495738
1969 0.507432
1970 0.505925
1971 0.498767
1972 0.49656
1973 0.498244
1974 0.503709
1975 0.506739
1976 0.492945
1977 0.498328
1978 0.508491
1979 0.500695
1980 0.496352
1981 0.509276
1982 0.512957
1983 0.502583
1984 0.497942
1985 0.497738
1986 0.506379
1987 0.498679
1988 0.504486
1989 0.50275
1990 0.496894
1991 0.501191
1992 0.501665
1993 0.4944
1994 0.501441
1995 0.494834
1996 0.495478
1997 0.498949
1998 0.499474
1999 0.499587
2000 0.498324
2001 0.500171
2002 0.495118
2003 0.501266
2004 0.504033
2005 0.494448
2006 0.501396
2007 0.49783
2008 0.508038
2009 0.486626
2010 0.496443
2011 0.506464
2012 0.494134
2013 0.501223
2014 0.500416
2015 0.497085
2016 0.489681
2017 0.497809
2018 0.50152
2019 0.500611
2020 0.499106
2021 0.502727
2022 0.490303
2023 0.506684
2024 0.494692
2025 0.496777
2026 0.493747
2027 0.493105
2028 0.506843
2029 0.507188
2030 0.497035
2031 0.49653
2032 0.496972
2033 0.499824
2034 0.503206
2035 0.490654
2036 0.502747
2037 0.500633
2038 0.499542
2039 0.506252
2040 0.50329
2041 0.496188
2042 0.486643
2043 0.495803
2044 0.500603
2045 0.515658
2046 0.500746
2047 0.496082
2048 0.495911
2049 0.498355
2050 0.505324
2051 0.506874
2052 0.498704
2053 0.510326
2054 0.497082
2055 0.501778
2056 0.500851
2057 0.500691
2058 0.498843
2059 0.494081
2060 0.489871
2061 0.501092
2062 0.49104
2063 0.499816
2064 0.491863
2065 0.499079
2066 0.499488
2067 0.507842
2068 0.50295
2069 0.503057
2070 0.502642
2071 0.504546
2072 0.496464
2073 0.5063
2074 0.498624
2075 0.497446
2076 0.490848
2077 0.50191
2078 0.495811
2079 0.496682
2080 0.506126
2081 0.497485
2082 0.504816
2083 0.48931
2084 0.49856
2085 0.500398
2086 0.489534
2087 0.498686
2088 0.498434
2089 0.504922
2090 0.497304
2091 0.495469
2092 0.505566
2093 0.503608
2094 0.503241
2095 0.500107
2096 0.492737
2097 0.494884
2098 0.508435
2099 0.501126
2100 0.505003
2101 0.494261
2102 0.505536
2103 0.502729
2104 0.491424
2105 0.491756
2106 0.488423
2107 0.49697
2108 0.49865
2109 0.498851
2110 0.497136
2111 0.502413
2112 0.500989
2113 0.501374
2114 0.504708
2115 0.498375
2116 0.497304
2117 0.499975
2118 0.503119
2119 0.499972
2120 0.490136
2121 0.506769
2122 0.496191
2123 0.496792
2124 0.499888
2125 0.5039
2126 0.501953
2127 0.504158
2128 0.491336
2129 0.503445
2130 0.497959
2131 0.499085
2132 0.509442
2133 0.504301
2134 0.496893
2135 0.498473
2136 0.493631
2137 0.492277
2138 0.508558
2139 0.49782
2140 0.506411
2141 0.495837
2142 0.490409
2143 0.500652
2144 0.5075
2145 0.497843
2146 0.506461
2147 0.502928
2148 0.496144
2149 0.503713
2150 0.497283
2151 0.512567
2152 0.503983
2153 0.504309
2154 0.496844
2155 0.500006
2156 0.503788
2157 0.508363
2158 0.508845
2159 0.504252
2160 0.496929
2161 0.493379
2162 0.506129
2163 0.498596
2164 0.499349
2165 0.497573
2166 0.496539
2167 0.496295
2168 0.50074
2169 0.501508
2170 0.499472
2171 0.494023
2172 0.496316
2173 0.514882
2174 0.500344
2175 0.485697
2176 0.498569
2177 0.50807
2178 0.508001
2179 0.496099
2180 0.506415
2181 0.490305
2182 0.509911
2183 0.496435
2184 0.49205
2185 0.500751
2186 0.491591
2187 0.500007
2188 0.49577
2189 0.488036
2190 0.501371
2191 0.490051
2192 0.495295
2193 0.494355
2194 0.493777
2195 0.486567
2196 0.501679
2197 0.499861
2198 0.491259
2199 0.505074
2200 0.499479
2201 0.489275
2202 0.502438
2203 0.496123
2204 0.495657
2205 0.500632
2206 0.495765
2207 0.501148
2208 0.49334
2209 0.499342
2210 0.512067
2211 0.50377
2212 0.506297
2213 0.513392
2214 0.496693
2215 0.499171
2216 0.492481
2217 0.498926
2218 0.504456
2219 0.503897
2220 0.498854
2221 0.51019
2222 0.498706
2223 0.503043
2224 0.494864
2225 0.484213
2226 0.507238
2227 0.490328
2228 0.5046
2229 0.496865
2230 0.492272
2231 0.502608
2232 0.498634
2233 0.4927
2234 0.504561
2235 0.502985
2236 0.500657
2237 0.498284
2238 0.494097
2239 0.505353
2240 0.499823
2241 0.498518
2242 0.494137
2243 0.486659
2244 0.503279
2245 0.492931
2246 0.497639
2247 0.506743
2248 0.504093
2249 0.491369
2250 0.490197
2251 0.499742
2252 0.51342
2253 0.500531
2254 0.495289
2255 0.501432
2256 0.503782
2257 0.495717
2258 0.505265
2259 0.501555
2260 0.496033
2261 0.510721
2262 0.486136
2263 0.507903
2264 0.506673
2265 0.509281
2266 0.500799
2267 0.494951
2268 0.492707
2269 0.500451
2270 0.511613
2271 0.505823
2272 0.487445
2273 0.50187
2274 0.506328
2275 0.498581
2276 0.500421
2277 0.500672
2278 0.495028
2279 0.494153
2280 0.498283
2281 0.498144
2282 0.500797
2283 0.493658
2284 0.497716
2285 0.496272
2286 0.508866
2287 0.505731
2288 0.498849
2289 0.503324
2290 0.515756
2291 0.498244
2292 0.498084
2293 0.502234
2294 0.49745
2295 0.493612
2296 0.502531
2297 0.508643
2298 0.49728
2299 0.501092
2300 0.496311
2301 0.492812
2302 0.503956
2303 0.500948
2304 0.501229
2305 0.492667
2306 0.511986
2307 0.489983
2308 0.498755
2309 0.498284
2310 0.497001
2311 0.505236
2312 0.495278
2313 0.494734
2314 0.497621
2315 0.495016
2316 0.499822
2317 0.504047
2318 0.49729
2319 0.495107
2320 0.497874
2321 0.490379
2322 0.506469
2323 0.495427
2324 0.503955
2325 0.500952
2326 0.492889
2327 0.499494
2328 0.501594
2329 0.501266
2330 0.492461
2331 0.498306
2332 0.489017
2333 0.504146
2334 0.513772
2335 0.501868
2336 0.495166
2337 0.500962
2338 0.495664
2339 0.50766
2340 0.499097
2341 0.501909
2342 0.508417
2343 0.50694
2344 0.495465
2345 0.493817
2346 0.498207
2347 0.502842
2348 0.501133
2349 0.492891
2350 0.504255
2351 0.501073
2352 0.494343
2353 0.498508
2354 0.493561
2355 0.498756
2356 0.504485
2357 0.493855
2358 0.49661
2359 0.499696
2360 0.494273
2361 0.502526
2362 0.510182
2363 0.493836
2364 0.489994
2365 0.50009
2366 0.491905
2367 0.500198
2368 0.49753
2369 0.493462
2370 0.494957
2371 0.508431
2372 0.49989
2373 0.494905
2374 0.50069
2375 0.500889
2376 0.489937
2377 0.501798
2378 0.48749
2379 0.491655
2380 0.500622
2381 0.496154
2382 0.496879
2383 0.486732
2384 0.490036
2385 0.509492
2386 0.495121
2387 0.494924
2388 0.500387
2389 0.500456
2390 0.506028
2391 0.507348
2392 0.499463
2393 0.504208
2394 0.493916
2395 0.496785
2396 0.493341
2397 0.503173
2398 0.503637
2399 0.485424
2400 0.498365
2401 0.505053
2402 0.503664
2403 0.503133
2404 0.501057
2405 0.513853
2406 0.488357
2407 0.501794
2408 0.490963
2409 0.495401
2410 0.50497
2411 0.500443
2412 0.5045
2413 0.496837
2414 0.498733
2415 0.496905
2416 0.49939
2417 0.487147
2418 0.497081
2419 0.500716
2420 0.504861
2421 0.496982
2422 0.504255
2423 0.500861
2424 0.493304
2425 0.503537
2426 0.499984
2427 0.493521
2428 0.50923
2429 0.502867
2430 0.509169
2431 0.49631
2432 0.500061
2433 0.500988
2434 0.500915
2435 0.498296
2436 0.507963
2437 0.504161
2438 0.498726
2439 0.503245
2440 0.492019
2441 0.494346
2442 0.500228
2443 0.495259
2444 0.50196
2445 0.500268
2446 0.501062
2447 0.509611
2448 0.499197
2449 0.498798
2450 0.509547
2451 0.494797
2452 0.497858
2453 0.514022
2454 0.501741
2455 0.50831
2456 0.500683
2457 0.493725
2458 0.498122
2459 0.504315
2460 0.50305
2461 0.494164
2462 0.501187
2463 0.498583
2464 0.504329
2465 0.496469
2466 0.497483
2467 0.501949
2468 0.494531
2469 0.498779
2470 0.49851
2471 0.51494
2472 0.503339
2473 0.503812
2474 0.495917
2475 0.505906
2476 0.509037
2477 0.487694
2478 0.493878
2479 0.497904
2480 0.502751
2481 0.491603
2482 0.493073
2483 0.51184
2484 0.502653
2485 0.500893
2486 0.490608
2487 0.493917
2488 0.497984
2489 0.501027
2490 0.49066
2491 0.49952
2492 0.496152
2493 0.503937
2494 0.512352
2495 0.49488
2496 0.492955
2497 0.51525
2498 0.506486
2499 0.503358
2500 0.491621
2501 0.508871
2502 0.502388
2503 0.500374
2504 0.503672
2505 0.504452
2506 0.49766
2507 0.507637
2508 0.490294
2509 0.494991
2510 0.503833
2511 0.498944
2512 0.501349
2513 0.501414
2514 0.497009
2515 0.492095
2516 0.508714
2517 0.49195
2518 0.505746
2519 0.498523
2520 0.497085
2521 0.494051
2522 0.496124
2523 0.502861
2524 0.515095
2525 0.500855
2526 0.493551
2527 0.501682
2528 0.499037
2529 0.499585
2530 0.507227
2531 0.503707
2532 0.496877
2533 0.493079
2534 0.500454
2535 0.495196
2536 0.499789
2537 0.49556
2538 0.506491
2539 0.504398
2540 0.493504
2541 0.499668
2542 0.498635
2543 0.498916
2544 0.504537
2545 0.496553
2546 0.502258
2547 0.496048
2548 0.496933
2549 0.504992
2550 0.498145
2551 0.499785
2552 0.519563
2553 0.503158
2554 0.505493
2555 0.501848
2556 0.504812
2557 0.508773
2558 0.491766
2559 0.504928
2560 0.506068
2561 0.501817
2562 0.497214
2563 0.503107
2564 0.500161
2565 0.489692
2566 0.492843
2567 0.503226
2568 0.501714
2569 0.500782
2570 0.505483
2571 0.491893
2572 0.502519
2573 0.500139
2574 0.506822
2575 0.509844
2576 0.501659
2577 0.502162
2578 0.506157
2579 0.491696
2580 0.501346
2581 0.494873
2582 0.494976
2583 0.513501
2584 0.492723
2585 0.494644
2586 0.493144
2587 0.497795
2588 0.496291
2589 0.496183
2590 0.495045
2591 0.506911
2592 0.507277
2593 0.484233
2594 0.505252
2595 0.497046
2596 0.498613
2597 0.502241
2598 0.491359
2599 0.485951
2600 0.509012
2601 0.499568
2602 0.497306
2603 0.500963
2604 0.499898
2605 0.494718
2606 0.505769
2607 0.502266
2608 0.501397
2609 0.501901
2610 0.500741
2611 0.491439
2612 0.49098
2613 0.501873
2614 0.495029
2615 0.497064
2616 0.495374
2617 0.50137
2618 0.502607
2619 0.497201
2620 0.506218
2621 0.492768
2622 0.4986
2623 0.499972
2624 0.506131
2625 0.495831
2626 0.503042
2627 0.49671
2628 0.498832
2629 0.502986
2630 0.494774
2631 0.501042
2632 0.488203
2633 0.490109
2634 0.501099
2635 0.495896
2636 0.498439
2637 0.493997
2638 0.499041
2639 0.505753
2640 0.493806
2641 0.505442
2642 0.502908
2643 0.503093
2644 0.490982
2645 0.497432
2646 0.501745
2647 0.49906
2648 0.499382
2649 0.502711
2650 0.509895
2651 0.499604
2652 0.510651
2653 0.511694
2654 0.493029
2655 0.504256
2656 0.490826
2657 0.499484
2658 0.49925
2659 0.50721
2660 0.506858
2661 0.502685
2662 0.507216
2663 0.48988
2664 0.493694
2665 0.496321
2666 0.486912
2667 0.499006
2668 0.504067
2669 0.509853
2670 0.498674
2671 0.497776
2672 0.504901
2673 0.49889
2674 0.501653
2675 0.506089
2676 0.495141
2677 0.494205
2678 0.497511
2679 0.508463
2680 0.495787
2681 0.504818
2682 0.495343
2683 0.49897
2684 0.497325
2685 0.49905
2686 0.505493
2687 0.491849
2688 0.495783
2689 0.498151
2690 0.494505
2691 0.504388
2692 0.501414
2693 0.499144
2694 0.499199
2695 0.496587
2696 0.50599
2697 0.499813
2698 0.494217
2699 0.498126
2700 0.499175
2701 0.497846
2702 0.496865
2703 0.490268
2704 0.497586
2705 0.499638
2706 0.502548
2707 0.502529
2708 0.50129
2709 0.498833
2710 0.494289
2711 0.499715
2712 0.498416
2713 0.502041
2714 0.504842
2715 0.507086
2716 0.502101
2717 0.495933
2718 0.497809
2719 0.498701
2720 0.491903
2721 0.507767
2722 0.493948
2723 0.499941
2724 0.499707
2725 0.506098
2726 0.509702
2727 0.503426
2728 0.499758
2729 0.496462
2730 0.49299
2731 0.496468
2732 0.499216
2733 0.507472
2734 0.496356
2735 0.500414
2736 0.492634
2737 0.502161
2738 0.509913
2739 0.511695
2740 0.498995
2741 0.499749
2742 0.501589
2743 0.499407
2744 0.508258
2745 0.510262
2746 0.497391
2747 0.486142
2748 0.504222
2749 0.49636
2750 0.496036
2751 0.512814
2752 0.497403
2753 0.498953
2754 0.504023
2755 0.509793
2756 0.510521
2757 0.502102
2758 0.502911
2759 0.507842
2760 0.502463
2761 0.497622
2762 0.496678
2763 0.503633
2764 0.501549
2765 0.502989
2766 0.505076
2767 0.498529
2768 0.505315
2769 0.498701
2770 0.500137
2771 0.501085
2772 0.504239
2773 0.513168
2774 0.498434
2775 0.499546
2776 0.507666
2777 0.511154
2778 0.49729
2779 0.501132
2780 0.512629
2781 0.494077
2782 0.500095
2783 0.501657
2784 0.498193
2785 0.501469
2786 0.493231
2787 0.506719
2788 0.499501
2789 0.504116
2790 0.504375
2791 0.49852
2792 0.495304
2793 0.496166
2794 0.503104
2795 0.507199
2796 0.490711
2797 0.495087
2798 0.506484
2799 0.494202
2800 0.493168
2801 0.501036
2802 0.500317
2803 0.495185
2804 0.498332
2805 0.495812
2806 0.490305
2807 0.495366
2808 0.501267
2809 0.502763
2810 0.503537
2811 0.503278
2812 0.502343
2813 0.498434
2814 0.504048
2815 0.499174
2816 0.494047
2817 0.493147
2818 0.495019
2819 0.507084
2820 0.495461
2821 0.507419
2822 0.492936
2823 0.501097
2824 0.502905
2825 0.49784
2826 0.504167
2827 0.504261
2828 0.503113
2829 0.500299
2830 0.499797
2831 0.510636
2832 0.499055
2833 0.499013
2834 0.508778
2835 0.492059
2836 0.500685
2837 0.506041
2838 0.501958
2839 0.49523
2840 0.499872
2841 0.492815
2842 0.503179
2843 0.496339
2844 0.501069
2845 0.50807
2846 0.511853
2847 0.502152
2848 0.496033
2849 0.49641
2850 0.493922
2851 0.502331
2852 0.492123
2853 0.494401
2854 0.505625
2855 0.491538
2856 0.503996
2857 0.494161
2858 0.503961
2859 0.485723
2860 0.502055
2861 0.5056
2862 0.49555
2863 0.498877
2864 0.504233
2865 0.501777
2866 0.503959
2867 0.505147
2868 0.496905
2869 0.49625
2870 0.496517
2871 0.491212
2872 0.49537
2873 0.509196
2874 0.505332
2875 0.507471
2876 0.495473
2877 0.506164
2878 0.493322
2879 0.497523
2880 0.501181
2881 0.49755
2882 0.496581
2883 0.495953
2884 0.507932
2885 0.504478
2886 0.492322
2887 0.501641
2888 0.50283
2889 0.495264
2890 0.504229
2891 0.500161
2892 0.493076
2893 0.510688
2894 0.502848
2895 0.498151
2896 0.493877
2897 0.496873
2898 0.500689
2899 0.503992
2900 0.50063
2901 0.497134
2902 0.508401
2903 0.50085
2904 0.492369
2905 0.505076
2906 0.495191
2907 0.497057
2908 0.500111
2909 0.497939
2910 0.494559
2911 0.487841
2912 0.500775
2913 0.502837
2914 0.494459
2915 0.503729
2916 0.499937
2917 0.509127
2918 0.499722
2919 0.490799
2920 0.497933
2921 0.507535
2922 0.499989
2923 0.496924
2924 0.508605
2925 0.500167
2926 0.49351
2927 0.49938
2928 0.494387
2929 0.510035
2930 0.495245
2931 0.505898
2932 0.505215
2933 0.505894
2934 0.493509
2935 0.500219
2936 0.500991
2937 0.496662
2938 0.49451
2939 0.493894
2940 0.495997
2941 0.488252
2942 0.498142
2943 0.491338
2944 0.498279
2945 0.49757
2946 0.504335
2947 0.503744
2948 0.504144
2949 0.49819
2950 0.498595
2951 0.503653
2952 0.499324
2953 0.496427
2954 0.5083
2955 0.499911
2956 0.494821
2957 0.499679
2958 0.491605
2959 0.502076
2960 0.50051
2961 0.505041
2962 0.506494
2963 0.494927
2964 0.504025
2965 0.501748
2966 0.49424
2967 0.499511
2968 0.504863
2969 0.502077
2970 0.490576
2971 0.498821
2972 0.494289
2973 0.503021
2974 0.499126
2975 0.493887
2976 0.507298
2977 0.496124
2978 0.502769
2979 0.504059
2980 0.499003
2981 0.4952
2982 0.494106
2983 0.512521
2984 0.499362
2985 0.505789
2986 0.501726
2987 0.501343
2988 0.510344
2989 0.492637
2990 0.494358
2991 0.495039
2992 0.504731
2993 0.494163
2994 0.502832
2995 0.496336
2996 0.492394
2997 0.497815
2998 0.495746
2999 0.504081
3000 0.504824
3001 0.51048
3002 0.497948
3003 0.497405
3004 0.489695
3005 0.501448
3006 0.501679
3007 0.492504
3008 0.503463
3009 0.504388
3010 0.490319
3011 0.499833
3012 0.502718
3013 0.495392
3014 0.5024
3015 0.499388
3016 0.493869
3017 0.487852
3018 0.499464
3019 0.503392
3020 0.503342
3021 0.504088
3022 0.496693
3023 0.502773
3024 0.498679
3025 0.50241
3026 0.491063
3027 0.503578
3028 0.503143
3029 0.498921
3030 0.494252
3031 0.509294
3032 0.500488
3033 0.495996
3034 0.500306
3035 0.492913
3036 0.503128
3037 0.495649
3038 0.500128
3039 0.499576
3040 0.499732
3041 0.49838
3042 0.499448
3043 0.497847
3044 0.49392
3045 0.49958
3046 0.508276
3047 0.500238
3048 0.499627
3049 0.496831
3050 0.495996
3051 0.490014
3052 0.495207
3053 0.499818
3054 0.508671
3055 0.497085
3056 0.498318
3057 0.504268
3058 0.499635
3059 0.500112
3060 0.494453
3061 0.507469
3062 0.500035
3063 0.493426
3064 0.500066
3065 0.503213
3066 0.501583
3067 0.502005
3068 0.495233
3069 0.487488
3070 0.497996
3071 0.49374
3072 0.504375
3073 0.485238
3074 0.510187
3075 0.493032
3076 0.498858
3077 0.494245
3078 0.507065
3079 0.497228
3080 0.499996
3081 0.49688
3082 0.491215
3083 0.500095
3084 0.501157
3085 0.491736
3086 0.507026
3087 0.493309
3088 0.499261
3089 0.495462
3090 0.50822
3091 0.508976
3092 0.494371
3093 0.496601
3094 0.499487
3095 0.496281
3096 0.502755
3097 0.493912
3098 0.496159
3099 0.493255
3100 0.503645
3101 0.501243
3102 0.492979
3103 0.497567
3104 0.493792
3105 0.500523
3106 0.501097
3107 0.505636
3108 0.499774
3109 0.49783
3110 0.50566
3111 0.501359
3112 0.496086
3113 0.498946
3114 0.495557
3115 0.496423
3116 0.497136
3117 0.500096
3118 0.498416
3119 0.510119
3120 0.496678
3121 0.501693
3122 0.492459
3123 0.499055
3124 0.509163
3125 0.490627
3126 0.50684
3127 0.500167
3128 0.499809
3129 0.494366
3130 0.499976
3131 0.497769
3132 0.509393
3133 0.493594
3134 0.501778
3135 0.495439
3136 0.504971
3137 0.496996
3138 0.500605
3139 0.504638
3140 0.501136
3141 0.500407
3142 0.512655
3143 0.500001
3144 0.492446
3145 0.492769
3146 0.500194
3147 0.503539
3148 0.500558
3149 0.509767
3150 0.496906
3151 0.504821
3152 0.49702
3153 0.502141
3154 0.495143
3155 0.497698
3156 0.508218
3157 0.499897
3158 0.495587
3159 0.493462
3160 0.496407
3161 0.501794
3162 0.489952
3163 0.503456
3164 0.503561
3165 0.495324
3166 0.49719
3167 0.499797
3168 0.504242
3169 0.496671
3170 0.508743
3171 0.502613
3172 0.501976
3173 0.505015
3174 0.510493
3175 0.494171
3176 0.500952
3177 0.499139
3178 0.495575
3179 0.49409
3180 0.503706
3181 0.500185
3182 0.49308
3183 0.49727
3184 0.497313
3185 0.498875
3186 0.487839
3187 0.503572
3188 0.502399
3189 0.494746
3190 0.497977
3191 0.494013
3192 0.505913
3193 0.502292
3194 0.498882
3195 0.493079
3196 0.495194
3197 0.49613
3198 0.499688
3199 0.508334
3200 0.511702
3201 0.502267
3202 0.503205
3203 0.505363
3204 0.515801
3205 0.504747
3206 0.500715
3207 0.49556
3208 0.494263
3209 0.502792
3210 0.485449
3211 0.499368
3212 0.496124
3213 0.495615
3214 0.493122
3215 0.500083
3216 0.496778
3217 0.489796
3218 0.501799
3219 0.500706
3220 0.499396
3221 0.493349
3222 0.498086
3223 0.495119
3224 0.506939
3225 0.501049
3226 0.504142
3227 0.509465
3228 0.499219
3229 0.497956
3230 0.500113
3231 0.491011
3232 0.502292
3233 0.496193
3234 0.495464
3235 0.500998
3236 0.512045
3237 0.506599
3238 0.506681
3239 0.496863
3240 0.503712
3241 0.490167
3242 0.501588
3243 0.497146
3244 0.493993
3245 0.494421
3246 0.501687
3247 0.502552
3248 0.502539
3249 0.502896
3250 0.492369
3251 0.50124
3252 0.496768
3253 0.506698
3254 0.501753
3255 0.501646
3256 0.494142
3257 0.493645
3258 0.502802
3259 0.502697
3260 0.504214
3261 0.499248
3262 0.498169
3263 0.504372
3264 0.507232
3265 0.498388
3266 0.496917
3267 0.49651
3268 0.510597
3269 0.51294
3270 0.499072
3271 0.494007
3272 0.504838
3273 0.499937
3274 0.494561
3275 0.504861
3276 0.50247
3277 0.500105
3278 0.503632
3279 0.497595
3280 0.492307
3281 0.495619
3282 0.50536
3283 0.496726
3284 0.494281
3285 0.50808
3286 0.489234
3287 0.499842
3288 0.50084
3289 0.501078
3290 0.49999
3291 0.494655
3292 0.490359
3293 0.503822
3294 0.504393
3295 0.50454
3296 0.501733
3297 0.503128
3298 0.501276
3299 0.496731
3300 0.495381
3301 0.50283
3302 0.498646
3303 0.499485
3304 0.505109
3305 0.50175
3306 0.503691
3307 0.508637
3308 0.504996
3309 0.497393
3310 0.498769
3311 0.505323
3312 0.495473
3313 0.496092
3314 0.501239
3315 0.497017
3316 0.504008
3317 0.501119
3318 0.502585
3319 0.49487
3320 0.499206
3321 0.497059
3322 0.506669
3323 0.494786
3324 0.496889
3325 0.500636
3326 0.502308
3327 0.508516
3328 0.501996
3329 0.499363
3330 0.510298
3331 0.493822
3332 0.490777
3333 0.504144
3334 0.500013
3335 0.504282
3336 0.490785
3337 0.504613
3338 0.499675
3339 0.503608
3340 0.505021
3341 0.506879
3342 0.501711
3343 0.495351
3344 0.504771
3345 0.497999
3346 0.503235
3347 0.498509
3348 0.502221
3349 0.505665
3350 0.506858
3351 0.488026
3352 0.506378
3353 0.499922
3354 0.499357
3355 0.499692
3356 0.502142
3357 0.494774
3358 0.500895
3359 0.49472
3360 0.501917
3361 0.490206
3362 0.494403
3363 0.49363
3364 0.503176
3365 0.494847
3366 0.500763
3367 0.499275
3368 0.501825
3369 0.502967
3370 0.499376
3371 0.507918
3372 0.499508
3373 0.499032
3374 0.497275
3375 0.493079
3376 0.503458
3377 0.488141
3378 0.500485
3379 0.492951
3380 0.496431
3381 0.506937
3382 0.502222
3383 0.500145
3384 0.496598
3385 0.495968
3386 0.501772
3387 0.502489
3388 0.495753
3389 0.492118
3390 0.49737
3391 0.495823
3392 0.505941
3393 0.502171
3394 0.49547
3395 0.497554
3396 0.500001
3397 0.497373
3398 0.501
3399 0.505428
3400 0.505792
3401 0.494615
3402 0.502184
3403 0.499519
3404 0.499478
3405 0.499802
3406 0.501434
3407 0.500648
3408 0.496821
3409 0.505049
3410 0.505604
3411 0.505959
3412 0.497797
3413 0.498635
3414 0.497672
3415 0.498259
3416 0.510033
3417 0.497031
3418 0.488354
3419 0.496659
3420 0.497687
3421 0.502417
3422 0.497567
3423 0.504661
3424 0.492316
3425 0.496377
3426 0.502617
3427 0.503231
3428 0.499589
3429 0.511713
3430 0.506102
3431 0.506998
3432 0.504335
3433 0.498506
3434 0.49953
3435 0.509347
3436 0.501956
3437 0.496001
3438 0.503995
3439 0.501989
3440 0.498613
3441 0.499278
3442 0.500395
3443 0.506459
3444 0.505828
3445 0.505957
3446 0.495789
3447 0.502131
3448 0.50003
3449 0.502086
3450 0.494654
3451 0.498522
3452 0.506099
3453 0.491494
3454 0.497838
3455 0.500279
3456 0.495866
3457 0.502801
3458 0.499443
3459 0.509511
3460 0.505503
3461 0.503609
3462 0.500445
3463 0.504806
3464 0.493771
3465 0.506618
3466 0.503489
3467 0.488114
3468 0.504426
3469 0.503294
3470 0.498582
3471 0.509643
3472 0.499239
3473 0.498898
3474 0.494799
3475 0.503861
3476 0.506291
3477 0.50408
3478 0.503634
3479 0.500086
3480 0.508622
3481 0.49945
3482 0.507061
3483 0.505893
3484 0.501451
3485 0.501105
3486 0.497795
3487 0.497218
3488 0.500151
3489 0.495193
3490 0.50434
3491 0.509709
3492 0.50116
3493 0.499366
3494 0.505566
3495 0.501641
3496 0.496175
3497 0.504235
3498 0.510925
3499 0.499346
3500 0.499339
3501 0.505935
3502 0.498417
3503 0.49855
3504 0.50731
3505 0.495141
3506 0.497628
3507 0.496779
3508 0.502874
3509 0.495577
3510 0.492906
3511 0.503034
3512 0.496731
3513 0.496763
3514 0.492623
3515 0.506213
3516 0.498202
3517 0.500353
3518 0.50154
3519 0.495476
3520 0.499409
3521 0.497765
3522 0.493088
3523 0.497712
3524 0.501226
3525 0.49674
3526 0.499036
3527 0.503481
3528 0.499507
3529 0.506993
3530 0.492528
3531 0.498081
3532 0.4947
3533 0.502522
3534 0.502012
3535 0.50213
3536 0.496463
3537 0.492879
3538 0.496511
3539 0.497434
3540 0.501937
3541 0.499747
3542 0.491854
3543 0.502136
3544 0.503279
3545 0.500834
3546 0.49717
3547 0.501146
3548 0.500675
3549 0.507209
3550 0.497149
3551 0.501059
3552 0.504238
3553 0.495556
3554 0.50033
3555 0.494847
3556 0.502924
3557 0.499862
3558 0.496782
3559 0.499857
3560 0.502935
3561 0.497341
3562 0.501203
3563 0.504031
3564 0.488635
3565 0.50216
3566 0.505564
3567 0.514511
3568 0.501626
3569 0.500097
3570 0.496058
3571 0.497329
3572 0.498073
3573 0.503625
3574 0.501842
3575 0.49587
3576 0.488965
3577 0.498273
3578 0.496981
3579 0.497193
3580 0.496493
3581 0.508873
3582 0.498116
3583 0.501602
3584 0.493121
3585 0.501069
3586 0.503421
3587 0.500886
3588 0.494302
3589 0.498786
3590 0.494522
3591 0.503748
3592 0.497918
3593 0.495216
3594 0.497251
3595 0.502913
3596 0.492605
3597 0.501931
3598 0.499138
3599 0.494959
3600 0.50126
3601 0.494329
3602 0.50792
3603 0.501648
3604 0.497633
3605 0.490498
3606 0.504331
3607 0.494322
3608 0.502683
3609 0.498692
3610 0.501286
3611 0.501762
3612 0.499641
3613 0.502885
3614 0.50234
3615 0.503869
3616 0.499543
3617 0.4949
3618 0.498448
3619 0.499864
3620 0.499364
3621 0.498174
3622 0.498432
3623 0.499375
3624 0.503559
3625 0.510499
3626 0.502728
3627 0.497749
3628 0.493568
3629 0.503302
3630 0.499688
3631 0.504525
3632 0.507916
3633 0.502065
3634 0.500899
3635 0.501598
3636 0.505792
3637 0.4955
3638 0.498288
3639 0.504282
3640 0.501502
3641 0.50419
3642 0.497233
3643 0.497501
3644 0.491371
3645 0.5026
3646 0.502109
3647 0.492508
3648 0.496049
3649 0.50184
3650 0.491696
3651 0.500932
3652 0.494851
3653 0.496025
3654 0.499759
3655 0.491787
3656 0.495073
3657 0.497678
3658 0.494003
3659 0.495705
3660 0.506114
3661 0.504997
3662 0.500956
3663 0.506858
3664 0.491115
3665 0.497197
3666 0.502634
3667 0.505451
3668 0.50558
3669 0.501046
3670 0.502101
3671 0.497412
3672 0.507145
3673 0.510946
3674 0.500629
3675 0.510212
3676 0.502664
3677 0.499148
3678 0.499255
3679 0.502938
3680 0.493341
3681 0.49758
3682 0.499182
3683 0.497796
3684 0.499944
3685 0.49526
3686 0.498493
3687 0.498806
3688 0.496484
3689 0.488001
3690 0.505067
3691 0.505108
3692 0.493762
3693 0.495438
3694 0.503696
3695 0.500321
3696 0.503901
3697 0.491371
3698 0.493983
3699 0.4977
3700 0.51042
3701 0.498993
3702 0.502471
3703 0.505641
3704 0.502998
3705 0.500197
3706 0.500438
3707 0.501682
3708 0.507676
3709 0.506235
3710 0.502561
3711 0.500492
3712 0.502755
3713 0.497714
3714 0.500152
3715 0.502382
3716 0.497431
3717 0.502867
3718 0.505372
3719 0.499821
3720 0.493543
3721 0.501685
3722 0.507065
3723 0.510841
3724 0.501901
3725 0.501409
3726 0.493854
3727 0.495751
3728 0.504875
3729 0.495797
3730 0.494378
3731 0.499475
3732 0.497955
3733 0.497901
3734 0.496174
3735 0.497199
3736 0.493534
3737 0.495768
3738 0.506968
3739 0.495617
3740 0.508223
3741 0.501068
3742 0.494285
3743 0.50354
3744 0.499087
3745 0.499327
3746 0.494947
3747 0.503136
3748 0.502736
3749 0.499231
3750 0.492597
3751 0.502645
3752 0.49984
3753 0.499261
3754 0.501525
3755 0.502682
3756 0.500111
3757 0.49316
3758 0.503578
3759 0.505446
3760 0.500204
3761 0.496174
3762 0.503271
3763 0.493277
3764 0.501857
3765 0.503104
3766 0.493579
3767 0.502395
3768 0.497017
3769 0.494519
3770 0.495243
3771 0.505436
3772 0.501556
3773 0.507708
3774 0.509693
3775 0.49796
3776 0.498108
3777 0.49756
3778 0.496667
3779 0.497665
3780 0.501392
3781 0.503674
3782 0.503307
3783 0.493838
3784 0.503251
3785 0.499184
3786 0.494731
3787 0.496914
3788 0.493309
3789 0.486457
3790 0.500789
3791 0.495524
3792 0.496755
3793 0.50244
3794 0.497239
3795 0.505137
3796 0.48826
3797 0.505944
3798 0.501721
3799 0.510093
3800 0.502778
3801 0.50131
3802 0.499289
3803 0.496741
3804 0.504709
3805 0.489604
3806 0.498946
3807 0.497248
3808 0.500973
3809 0.496894
3810 0.505142
3811 0.49777
3812 0.499058
3813 0.499311
3814 0.494139
3815 0.508705
3816 0.504471
3817 0.507725
3818 0.500369
3819 0.496097
3820 0.49981
3821 0.501067
3822 0.501728
3823 0.492392
3824 0.511443
3825 0.505051
3826 0.506987
3827 0.507067
3828 0.49961
3829 0.499151
3830 0.491774
3831 0.505101
3832 0.496407
3833 0.497266
3834 0.4941
3835 0.507339
3836 0.494716
3837 0.500849
3838 0.503374
3839 0.498542
3840 0.502878
3841 0.502837
3842 0.505629
3843 0.491541
3844 0.495407
3845 0.499464
3846 0.498179
3847 0.499973
3848 0.505005
3849 0.505599
3850 0.497382
3851 0.504862
3852 0.495973
3853 0.48963
3854 0.498859
3855 0.502062
3856 0.501287
3857 0.50887
3858 0.506188
3859 0.509118
3860 0.50225
3861 0.503617
3862 0.498891
3863 0.510957
3864 0.508782
3865 0.502501
3866 0.499188
3867 0.502697
3868 0.497631
3869 0.506825
3870 0.504125
3871 0.498712
3872 0.498176
3873 0.497015
3874 0.504229
3875 0.495602
3876 0.511697
3877 0.499125
3878 0.512441
3879 0.508678
3880 0.50324
3881 0.497373
3882 0.508635
3883 0.495995
3884 0.49538
3885 0.505585
3886 0.50402
3887 0.497
3888 0.498034
3889 0.503428
3890 0.49967
3891 0.497581
3892 0.500769
3893 0.503186
3894 0.500394
3895 0.49864
3896 0.489178
3897 0.498204
3898 0.498991
3899 0.491421
3900 0.50596
3901 0.495676
3902 0.500707
3903 0.506566
3904 0.498566
3905 0.500264
3906 0.505243
3907 0.506997
3908 0.49978
3909 0.500418
3910 0.495731
3911 0.49476
3912 0.502722
3913 0.499395
3914 0.505589
3915 0.506151
3916 0.49929
3917 0.498547
3918 0.49987
3919 0.505696
3920 0.489779
3921 0.500944
3922 0.500942
3923 0.497041
3924 0.499716
3925 0.507724
3926 0.502909
3927 0.495566
3928 0.499497
3929 0.502452
3930 0.499478
3931 0.504057
3932 0.502383
3933 0.501182
3934 0.504127
3935 0.507706
3936 0.498314
3937 0.501109
3938 0.494198
3939 0.499842
3940 0.49819
3941 0.501568
3942 0.504621
3943 0.500043
3944 0.499234
3945 0.497913
3946 0.501072
3947 0.498128
3948 0.497602
3949 0.501754
3950 0.496484
3951 0.496394
3952 0.502155
3953 0.501155
3954 0.493881
3955 0.49591
3956 0.503816
3957 0.507999
3958 0.507051
3959 0.493544
3960 0.491507
3961 0.503742
3962 0.501769
3963 0.496987
3964 0.501987
3965 0.503217
3966 0.50007
3967 0.50319
3968 0.507182
3969 0.495003
3970 0.488192
3971 0.502692
3972 0.500468
3973 0.502737
3974 0.5015
3975 0.502452
3976 0.493404
3977 0.494441
3978 0.504093
3979 0.50046
3980 0.494912
3981 0.501768
3982 0.501087
3983 0.507219
3984 0.49337
3985 0.499509
3986 0.504383
3987 0.505725
3988 0.505153
3989 0.502924
3990 0.507127
3991 0.50323
3992 0.501349
3993 0.491882
3994 0.49928
3995 0.496234
3996 0.497642
3997 0.49687
3998 0.499415
3999 0.496552
4000 0.501271
4001 0.50496
4002 0.490875
4003 0.503112
4004 0.502141
4005 0.508617
4006 0.504091
4007 0.50507
4008 0.497217
4009 0.495081
4010 0.501264
4011 0.50922
4012 0.501673
4013 0.495296
4014 0.507677
4015 0.502326
4016 0.499801
4017 0.495454
4018 0.495378
4019 0.495194
4020 0.500549
4021 0.495662
4022 0.496325
4023 0.498601
4024 0.498046
4025 0.495366
4026 0.508312
4027 0.505199
4028 0.490644
4029 0.502911
4030 0.497991
4031 0.501819
4032 0.500723
4033 0.494821
4034 0.50039
4035 0.49801
4036 0.497387
4037 0.497427
4038 0.500018
4039 0.502116
4040 0.497142
4041 0.495149
4042 0.503179
4043 0.50256
4044 0.499311
4045 0.502065
4046 0.502948
4047 0.499267
4048 0.491567
4049 0.508734
4050 0.500883
4051 0.497442
4052 0.494064
4053 0.49583
4054 0.506701
4055 0.499191
4056 0.493115
4057 0.504075
4058 0.508213
4059 0.500294
4060 0.50192
4061 0.507341
4062 0.497089
4063 0.498683
4064 0.498073
4065 0.492767
4066 0.493566
4067 0.496392
4068 0.498967
4069 0.510344
4070 0.501031
4071 0.497632
4072 0.501037
4073 0.497192
4074 0.501707
4075 0.492862
4076 0.504383
4077 0.494155
4078 0.500637
4079 0.507965
4080 0.503768
4081 0.495193
4082 0.498012
4083 0.507232
4084 0.499867
4085 0.503244
4086 0.49968
4087 0.5024
4088 0.505856
4089 0.49908
4090 0.495614
4091 0.504252
4092 0.494017
4093 0.497363
4094 0.494664
4095 0.505796
4096 0.502503
4097 0.493773
4098 0.500423
4099 0.504399
4100 0.492836
4101 0.501917
4102 0.49571
4103 0.508898
4104 0.504138
4105 0.504756
4106 0.502358
4107 0.501206
4108 0.50073
4109 0.500714
4110 0.496643
4111 0.49906
4112 0.506014
4113 0.49553
4114 0.493497
4115 0.502531
4116 0.506096
4117 0.499219
4118 0.49773
4119 0.495682
4120 0.497728
4121 0.501409
4122 0.499001
4123 0.501536
4124 0.50451
4125 0.512138
4126 0.50094
4127 0.500913
4128 0.503322
4129 0.498823
4130 0.49747
4131 0.499413
4132 0.502324
4133 0.495757
4134 0.49727
4135 0.491112
4136 0.501852
4137 0.502935
4138 0.498107
4139 0.49775
4140 0.496016
4141 0.497956
4142 0.496728
4143 0.497048
4144 0.501445
4145 0.493693
4146 0.49478
4147 0.510895
4148 0.496322
4149 0.504078
4150 0.501969
4151 0.493679
4152 0.497614
4153 0.498192
4154 0.498269
4155 0.50182
4156 0.496798
4157 0.498781
4158 0.50401
4159 0.504591
4160 0.497858
4161 0.498249
4162 0.492879
4163 0.500998
4164 0.498759
4165 0.501131
4166 0.497681
4167 0.502863
4168 0.500518
4169 0.497591
4170 0.502459
4171 0.489905
4172 0.491311
4173 0.507915
4174 0.50125
4175 0.501489
4176 0.499318
4177 0.499651
4178 0.500623
4179 0.494301
4180 0.497785
4181 0.504292
4182 0.497504
4183 0.494794
4184 0.492386
4185 0.501683
4186 0.498204
4187 0.501908
4188 0.498046
4189 0.498632
4190 0.505485
4191 0.504035
4192 0.496612
4193 0.502576
4194 0.490183
4195 0.498381
4196 0.50496
4197 0.498394
4198 0.497291
4199 0.500863
4200 0.503863
4201 0.498063
4202 0.502468
4203 0.502266
4204 0.498431
4205 0.504103
4206 0.49845
4207 0.499985
4208 0.508322
4209 0.49984
4210 0.495939
4211 0.500683
4212 0.503966
4213 0.509451
4214 0.500982
4215 0.496893
4216 0.500331
4217 0.489658
4218 0.494567
4219 0.495622
4220 0.49912
4221 0.497439
4222 0.496268
4223 0.499252
4224 0.496216
4225 0.510898
4226 0.502868
4227 0.507826
4228 0.496752
4229 0.50267
4230 0.495953
4231 0.498531
4232 0.497945
4233 0.495203
4234 0.493485
4235 0.501265
4236 0.497488
4237 0.500577
4238 0.494843
4239 0.492367
4240 0.496483
4241 0.502529
4242 0.505334
4243 0.49892
4244 0.503163
4245 0.498551
4246 0.496978
4247 0.495826
4248 0.493439
4249 0.495103
4250 0.501691
4251 0.502519
4252 0.501065
4253 0.50564
4254 0.499484
4255 0.501081
4256 0.502236
4257 0.496886
4258 0.498299
4259 0.504852
4260 0.503527
4261 0.497917
4262 0.505224
4263 0.505589
4264 0.493072
4265 0.501378
4266 0.496158
4267 0.490764
4268 0.489589
4269 0.510752
4270 0.503265
4271 0.5042
4272 0.500098
4273 0.506263
4274 0.503144
4275 0.500771
4276 0.503446
4277 0.504034
4278 0.494551
4279 0.499208
4280 0.499101
4281 0.494988
4282 0.499918
4283 0.49657
4284 0.504669
4285 0.501362
4286 0.504609
4287 0.503637
4288 0.510636
4289 0.49196
4290 0.499189
4291 0.494168
4292 0.512557
4293 0.49693
4294 0.49503
4295 0.492726
4296 0.497256
4297 0.501872
4298 0.50172
4299 0.510811
4300 0.503945
4301 0.501057
4302 0.500765
4303 0.50138
4304 0.499651
4305 0.498036
4306 0.497488
4307 0.495355
4308 0.496146
4309 0.504375
4310 0.49731
4311 0.502456
4312 0.498066
4313 0.500353
4314 0.492919
4315 0.499995
4316 0.503489
4317 0.499618
4318 0.494632
4319 0.501746
4320 0.495359
4321 0.500672
4322 0.499142
4323 0.501348
4324 0.501054
4325 0.499726
4326 0.504059
4327 0.499964
4328 0.501254
4329 0.496224
4330 0.496834
4331 0.501148
4332 0.498678
4333 0.503145
4334 0.502582
4335 0.498361
4336 0.496573
4337 0.493069
4338 0.502943
4339 0.501974
4340 0.500224
4341 0.494845
4342 0.503121
4343 0.50206
4344 0.508325
4345 0.494447
4346 0.499223
4347 0.502728
4348 0.502025
4349 0.500295
4350 0.50258
4351 0.493597
4352 0.508607
4353 0.50069
4354 0.497005
4355 0.499181
4356 0.495503
4357 0.495768
4358 0.497231
4359 0.500275
4360 0.502566
4361 0.51207
4362 0.50018
4363 0.507635
4364 0.504572
4365 0.507165
4366 0.503225
4367 0.499731
4368 0.501223
4369 0.497295
4370 0.492453
4371 0.497317
4372 0.492608
4373 0.494366
4374 0.501323
4375 0.503901
4376 0.501668
4377 0.503795
4378 0.498192
4379 0.498453
4380 0.494289
4381 0.502984
4382 0.49329
4383 0.498321
4384 0.499128
4385 0.502069
4386 0.499606
4387 0.50525
4388 0.495097
4389 0.497979
4390 0.500932
4391 0.503052
4392 0.49469
4393 0.494988
4394 0.493446
4395 0.491059
4396 0.505465
4397 0.496625
4398 0.503118
4399 0.503667
4400 0.500945
4401 0.502155
4402 0.506038
4403 0.501189
4404 0.500069
4405 0.503482
4406 0.498199
4407 0.506048
4408 0.491321
4409 0.506266
4410 0.498078
4411 0.497524
4412 0.504281
4413 0.503743
4414 0.505167
4415 0.498752
4416 0.503883
4417 0.497551
4418 0.505368
4419 0.504413
4420 0.504813
4421 0.50381
4422 0.499905
4423 0.499583
4424 0.503399
4425 0.50009
4426 0.49561
4427 0.502231
4428 0.504058
4429 0.501606
4430 0.493243
4431 0.492603
4432 0.502162
4433 0.502404
4434 0.504229
4435 0.500908
4436 0.493921
4437 0.494783
4438 0.503717
4439 0.504575
4440 0.493489
4441 0.505706
4442 0.500064
4443 0.499956
4444 0.497557
4445 0.498739
4446 0.501768
4447 0.504265
4448 0.499167
4449 0.49097
4450 0.50436
4451 0.500456
4452 0.494304
4453 0.497512
4454 0.494172
4455 0.50536
4456 0.497592
4457 0.494376
4458 0.503027
4459 0.499499
4460 0.499236
4461 0.501291
4462 0.493532
4463 0.497122
4464 0.496735
4465 0.498384
4466 0.50054
4467 0.50365
4468 0.500532
4469 0.494164
4470 0.499377
4471 0.497356
4472 0.507757
4473 0.496719
4474 0.506533
4475 0.499508
4476 0.503507
4477 0.507163
4478 0.505084
4479 0.50219
4480 0.505865
4481 0.506148
4482 0.510471
4483 0.49145
4484 0.500375
4485 0.501576
4486 0.497348
4487 0.492501
4488 0.500015
4489 0.501689
4490 0.497568
4491 0.492896
4492 0.502205
4493 0.498694
4494 0.49798
4495 0.50428
4496 0.490921
4497 0.503955
4498 0.499746
4499 0.496991
4500 0.498441
4501 0.501969
4502 0.509174
4503 0.495688
4504 0.505234
4505 0.496207
4506 0.49681
4507 0.504221
4508 0.49725
4509 0.506243
4510 0.499653
4511 0.500844
4512 0.508508
4513 0.49946
4514 0.497401
4515 0.506649
4516 0.498584
4517 0.496928
4518 0.492306
4519 0.492332
4520 0.501936
4521 0.499984
4522 0.503036
4523 0.503772
4524 0.500883
4525 0.498515
4526 0.502253
4527 0.495066
4528 0.5002
4529 0.498914
4530 0.498831
4531 0.496736
4532 0.507409
4533 0.504177
4534 0.502338
4535 0.490879
4536 0.497422
4537 0.493353
4538 0.495591
4539 0.492238
4540 0.498447
4541 0.50728
4542 0.500994
4543 0.49284
4544 0.496351
4545 0.498988
4546 0.501238
4547 0.497105
4548 0.501887
4549 0.499929
4550 0.50366
4551 0.499609
4552 0.497161
4553 0.495772
4554 0.505503
4555 0.505898
4556 0.498221
4557 0.502839
4558 0.502515
4559 0.502227
4560 0.502655
4561 0.50399
4562 0.4995
4563 0.505968
4564 0.490313
4565 0.497804
4566 0.498605
4567 0.502598
4568 0.496899
4569 0.496685
4570 0.506791
4571 0.496964
4572 0.501246
4573 0.505406
4574 0.501592
4575 0.498387
4576 0.503177
4577 0.500982
4578 0.493736
4579 0.49752
4580 0.495566
4581 0.497972
4582 0.490206
4583 0.497945
4584 0.510728
4585 0.506691
4586 0.502354
4587 0.503581
4588 0.504466
4589 0.501113
4590 0.497333
4591 0.507958
4592 0.507092
4593 0.493339
4594 0.500817
4595 0.497999
4596 0.500229
4597 0.49913
4598 0.496834
4599 0.500402
4600 0.505306
4601 0.505944
4602 0.497705
4603 0.493637
4604 0.500345
4605 0.503505
4606 0.498816
4607 0.499788
4608 0.499383
4609 0.4991
4610 0.499066
4611 0.497044
4612 0.500586
4613 0.492455
4614 0.499991
4615 0.506038
4616 0.493801
4617 0.506667
4618 0.498182
4619 0.498911
4620 0.492714
4621 0.498857
4622 0.497966
4623 0.497281
4624 0.493144
4625 0.494666
4626 0.503581
4627 0.49685
4628 0.5001
4629 0.502778
4630 0.500543
4631 0.507517
4632 0.508726
4633 0.498916
4634 0.506223
4635 0.504372
4636 0.504961
4637 0.49613
4638 0.498595
4639 0.502595
4640 0.506214
4641 0.500355
4642 0.490717
4643 0.501501
4644 0.503229
4645 0.500806
4646 0.498874
4647 0.50022
4648 0.496152
4649 0.499187
4650 0.50258
4651 0.494981
4652 0.503569
4653 0.492954
4654 0.504686
4655 0.507698
4656 0.492775
4657 0.499701
4658 0.489638
4659 0.493864
4660 0.506155
4661 0.505753
4662 0.498624
4663 0.49942
4664 0.508209
4665 0.494279
4666 0.498412
4667 0.496843
4668 0.499962
4669 0.494119
4670 0.495619
4671 0.504755
4672 0.496167
4673 0.497825
4674 0.50319
4675 0.503006
4676 0.493042
4677 0.506031
4678 0.495598
4679 0.498949
4680 0.503799
4681 0.501252
4682 0.504098
4683 0.500684
4684 0.498265
4685 0.505597
4686 0.500084
4687 0.493759
4688 0.500369
4689 0.503722
4690 0.492008
4691 0.498843
4692 0.496967
4693 0.501113
4694 0.501406
4695 0.493558
4696 0.497947
4697 0.506904
4698 0.498665
4699 0.504163
4700 0.502839
4701 0.500142
4702 0.502181
4703 0.501257
4704 0.499011
4705 0.496777
4706 0.490701
4707 0.496496
4708 0.502834
4709 0.50007
4710 0.501455
4711 0.49699
4712 0.501403
4713 0.493823
4714 0.502542
4715 0.497556
4716 0.498534
4717 0.495999
4718 0.503913
4719 0.504412
4720 0.496874
4721 0.493296
4722 0.498032
4723 0.504609
4724 0.510185
4725 0.498334
4726 0.493974
4727 0.507443
4728 0.499102
4729 0.495464
4730 0.494887
4731 0.502116
4732 0.506362
4733 0.506143
4734 0.49878
4735 0.505482
4736 0.499957
4737 0.503186
4738 0.506105
4739 0.498971
4740 0.504239
4741 0.494169
4742 0.510548
4743 0.504925
4744 0.499698
4745 0.503681
4746 0.498452
4747 0.497096
4748 0.501556
4749 0.497208
4750 0.499376
4751 0.497043
4752 0.492082
4753 0.50392
4754 0.496121
4755 0.499291
4756 0.50068
4757 0.506069
4758 0.502355
4759 0.498683
4760 0.50215
4761 0.500138
4762 0.506255
4763 0.505475
4764 0.503317
4765 0.502021
4766 0.498516
4767 0.495439
4768 0.496057
4769 0.50896
4770 0.504903
4771 0.489562
4772 0.500063
4773 0.502649
4774 0.501613
4775 0.494723
4776 0.498787
4777 0.502582
4778 0.505817
4779 0.495091
4780 0.492881
4781 0.503123
4782 0.497065
4783 0.499777
4784 0.501502
4785 0.495216
4786 0.500962
4787 0.509414
4788 0.499944
4789 0.505794
4790 0.494014
4791 0.502373
4792 0.494179
4793 0.491269
4794 0.504981
4795 0.502183
4796 0.503782
4797 0.504807
4798 0.500114
4799 0.490496
4800 0.492679
4801 0.506493
4802 0.504844
4803 0.505878
4804 0.496989
4805 0.502776
4806 0.498005
4807 0.499137
4808 0.502196
4809 0.503417
4810 0.491108
4811 0.495771
4812 0.50333
4813 0.500243
4814 0.495806
4815 0.493161
4816 0.495675
4817 0.49953
4818 0.503646
4819 0.497924
4820 0.496497
4821 0.497434
4822 0.494446
4823 0.502792
4824 0.500432
4825 0.500297
4826 0.505064
4827 0.49229
4828 0.504082
4829 0.499289
4830 0.506201
4831 0.490742
4832 0.495538
4833 0.496022
4834 0.492618
4835 0.498023
4836 0.495081
4837 0.500605
4838 0.509356
4839 0.502576
4840 0.511154
4841 0.504243
4842 0.504719
4843 0.496993
4844 0.504236
4845 0.502945
4846 0.500964
4847 0.501819
4848 0.49508
4849 0.496323
4850 0.506849
4851 0.497302
4852 0.49705
4853 0.500941
4854 0.503861
4855 0.49741
4856 0.492619
4857 0.495172
4858 0.497713
4859 0.501873
4860 0.501621
4861 0.496798
4862 0.50216
4863 0.503864
4864 0.506552
4865 0.507285
4866 0.491635
4867 0.504622
4868 0.494758
4869 0.505325
4870 0.494014
4871 0.504811
4872 0.503912
4873 0.497102
4874 0.504824
4875 0.499607
4876 0.501471
4877 0.511262
4878 0.492239
4879 0.50827
4880 0.505963
4881 0.496612
4882 0.501692
4883 0.499902
4884 0.495583
4885 0.499881
4886 0.497171
4887 0.499456
4888 0.508077
4889 0.497714
4890 0.494584
4891 0.498284
4892 0.496043
4893 0.492171
4894 0.491606
4895 0.494357
4896 0.498809
4897 0.500664
4898 0.494661
4899 0.49797
4900 0.501252
4901 0.500097
4902 0.503491
4903 0.496946
4904 0.498466
4905 0.503623
4906 0.507526
4907 0.501776
4908 0.495363
4909 0.505167
4910 0.504907
4911 0.498222
4912 0.499203
4913 0.504202
4914 0.503709
4915 0.498244
4916 0.504854
4917 0.49929
4918 0.499615
4919 0.495038
4920 0.49862
4921 0.498876
4922 0.491748
4923 0.500462
4924 0.500512
4925 0.502778
4926 0.497812
4927 0.496281
4928 0.49988
4929 0.506103
4930 0.500676
4931 0.503134
4932 0.498257
4933 0.505059
4934 0.502474
4935 0.500129
4936 0.502405
4937 0.497213
4938 0.495846
4939 0.495545
4940 0.501511
4941 0.494332
4942 0.50093
4943 0.506713
4944 0.494965
4945 0.50573
4946 0.502887
4947 0.49484
4948 0.497765
4949 0.498628
4950 0.492982
4951 0.498681
4952 0.500094
4953 0.49641
4954 0.506098
4955 0.5019
4956 0.506137
4957 0.50217
4958 0.508379
4959 0.49297
4960 0.496267
4961 0.497226
4962 0.505788
4963 0.504894
4964 0.502803
4965 0.504561
4966 0.493841
4967 0.503298
4968 0.49874
4969 0.499523
4970 0.500642
4971 0.501374
4972 0.497366
4973 0.499195
4974 0.494535
4975 0.502878
4976 0.509237
4977 0.50109
4978 0.499032
4979 0.502597
4980 0.501989
4981 0.506341
4982 0.498076
4983 0.49916
4984 0.51085
4985 0.495779
4986 0.494228
4987 0.497662
4988 0.506118
4989 0.500969
4990 0.501204
4991 0.500741
4992 0.500211
4993 0.498814
4994 0.496093
4995 0.498615
4996 0.501903
4997 0.501264
4998 0.500598
4999 0.496141
5000 0.49626
